mnnx 1111111111 Ι111 1111111111. 641 ’

71186111 31111167911111161911·

11791311- 6τὲ 63 15,13.

119111 11911116 16 6111117611- 1111161134, 3 111111661111611111

61⁰7.

συμμάχων.

ἐπισιιεέωιιιι 1196111(ιί con· 1191176111 1611,18.
iectura vera) 15,11.11911117171ωῇ4
8111191κό97, 11111, 871111191- 1911118631, 7.
117 τάξις.. 119114119611,1 1711161711ιὶ

εὗεξία, 7 31, 13, ’ 41111 1711911111.
4466>ae 16,6161161971111111

1611171171, 6, 734, 16.
εὔκλεια, 7 ι7,16.18,15.3ο,3, λόγον 11911 1771711111 116 111-
3111111671 1111111111.

1661696666οὲ466,ι 7 3ο, 1911- 1199167116 19, 3.
11111111196111111111161111911137 1196711911, 16 15,1ο 15, 18.
τοι 61 1111111671

16 1111911177 611 13, 13.

11, 6, 718, 19 6113 6911911.
64666116661541111111111711111119,8 33, 4

1966111661, 7, ον 3ο,14
6676666766165153, 4364461449 7711111 y

111 ποιεῖν 666 119 1. 19, 11 6171781116 11961 11116 τινος 13,
κρίνοντες 171 mm 6111116- 1311961 ’111616771111711196-

σασθαι. σ 6111 6111711961 1171871111

31718171175 77171611 79718111 16, 15. 119871691111, 16 18 ,16 31, 6.
116119181617, 17
71171167769617111 15, ἣὸ 117117811171111911 161911, 1969171111
7111111911, 6, 4 11, 51,8 6 17,11111 71111611111196
6117197119εέ 11 16 μετέωρον. ξ1811 71781917191711111111, 4.
o θέω ι 1,1.
P6665,‘ 7 66161111 666619 4‘665 6676710716631? 11. 31, 15.
1161111511. 11611111,717,7.13,5.19. 31,
οἷα 64 13116991 111 usitatum 11.31,11.
13,13.16, 141 ,,1ο 19. σφέτερος, ιι, ον, de 17111111 per
11,16 14,17. 15, 7 17, 11111113, 17771111-1961171-
119111 στρατεύματος 16 οἰναν-
1111111,1,1ν,617111671111·117611111117111511.
men possessivum 14, 11.1, ’1191119611 Ι34, 11 119111911θέ1-
15 33,14.1119168119,19111911661117.
63171911196111 14, 4.
6 6611. 71711611711177 16,11. 1967911116117611116116111
6611911161 15, 7 81111 17891161 34, 6.
6911611111 1111971196. 6116611111, 7 176111811111171
1611911166115, 1116877111 6711111711111, 18, 9.
sine 181111111161111 . 6116111111, 6, 4 1411 61161111-
1111961. 11118,1111119617116· sos 7ιιιν γενέσθαι
3116111811 6171171111 11111113, 8116 1111116
1119111136 34, 17. 171 63781111619116111.
1111161111 35, 411111111617 17 171911111ιὶ 1111111,ιί11111171611·
11119619 1161ιί111111ιί 14, 6

1119179177, 719, 5. 1786111111, 6, 7, praeteritus 18,
11916171,11 1611611916111 11.18,1.

11, 5.,31 913 χ111116171,718,19113111111
1119171111 31,13 at 171 167771 31711171311617111

πλεονεξίαι-1191711111. χεὶρ, 11111111114,1
1111811111 (60:143 haud (11111111 χ977ιαιίζω ι1,1. 11, 171193
1 111111911731, 6. 1497171.

ὒ111199111,Ε1111191’111 stc. 41

 

1161711115,1161161116171111 Ι

